function h = manga
%MANGA  Topography color map
h = [0.1836    0.2148    0.6211;
    0.1680    0.2031    0.6250;
    0.1289    0.1680    0.6328;
    0.0820    0.1250    0.6367;
    0.0430    0.0898    0.6445;
    0.0195    0.0703    0.6484;
    0.0078    0.0625    0.6562;
         0    0.0586    0.6602;
         0    0.0625    0.6641;
         0    0.0625    0.6641;
         0    0.0625    0.6641;
         0    0.0625    0.6484;
         0    0.0625    0.6172;
         0    0.0586    0.5625;
         0    0.0508    0.4883;
         0    0.0469    0.4297;
         0    0.0469    0.4102;
         0    0.0508    0.4453;
         0    0.0625    0.5195;
         0    0.0742    0.6016;
         0    0.0859    0.6641;
         0    0.0938    0.7031;
         0    0.1016    0.7266;
         0    0.1055    0.7383;
         0    0.1133    0.7461;
    0.0039    0.1211    0.7539;
    0.0117    0.1289    0.7578;
    0.0273    0.1484    0.7617;
    0.0586    0.1758    0.7656;
    0.1055    0.2227    0.7695;
    0.1680    0.2773    0.7773;
    0.2188    0.3203    0.7812;
    0.2344    0.3398    0.7852;
    0.2109    0.3242    0.7891;
    0.1562    0.2852    0.7930;
    0.0977    0.2422    0.7969;
    0.0547    0.2148    0.8008;
    0.0273    0.1992    0.8047;
    0.0117    0.1953    0.8086;
    0.0078    0.1953    0.8125;
    0.0078    0.2031    0.8164;
    0.0078    0.2070    0.8164;
    0.0078    0.2148    0.8086;
    0.0078    0.2148    0.7930;
    0.0078    0.2109    0.7578;
    0.0078    0.1992    0.6953;
    0.0078    0.1875    0.6250;
    0.0078    0.1719    0.5664;
    0.0078    0.1758    0.5508;
    0.0117    0.1953    0.5938;
    0.0156    0.2266    0.6680;
    0.0195    0.2617    0.7461;
    0.0234    0.2891    0.8047;
    0.0273    0.3125    0.8398;
    0.0312    0.3281    0.8594;
    0.0312    0.3438    0.8672;
    0.0391    0.3594    0.8750;
    0.0469    0.3750    0.8789;
    0.0586    0.3945    0.8828;
    0.0820    0.4180    0.8867;
    0.1211    0.4492    0.8906;
    0.1797    0.4961    0.8906;
    0.2500    0.5430    0.8945;
    0.3047    0.5820    0.8984;
    0.3203    0.5977    0.9023;
    0.2930    0.5938    0.9062;
    0.2383    0.5781    0.9062;
    0.1836    0.5625    0.9102;
    0.1484    0.5586    0.9141;
    0.1289    0.5625    0.9141;
    0.1250    0.5742    0.9180;
    0.1289    0.5898    0.9180;
    0.1367    0.6055    0.9219;
    0.1484    0.6211    0.9180;
    0.1562    0.6289    0.9102;
    0.1602    0.6328    0.8906;
    0.1641    0.6172    0.8477;
    0.1602    0.5859    0.7852;
    0.1562    0.5430    0.7109;
    0.1523    0.5117    0.6562;
    0.1602    0.5195    0.6445;
    0.1797    0.5664    0.6914;
    0.2148    0.6406    0.7656;
    0.2461    0.7188    0.8438;
    0.2773    0.7812    0.8945;
    0.3047    0.8242    0.9297;
    0.3281    0.8555    0.9453;
    0.3477    0.8789    0.9531;
    0.3672    0.8984    0.9570;
    0.3906    0.9141    0.9609;
    0.4141    0.9297    0.9609;
    0.4453    0.9453    0.9648;
    0.4883    0.9609    0.9648;
    0.5430    0.9648    0.9609;
    0.5977    0.9688    0.9531;
    0.6406    0.9688    0.9492;
    0.6602    0.9727    0.9453;
    0.6523    0.9727    0.9375;
    0.6406    0.9727    0.9297;
    0.6289    0.9766    0.9219;
    0.6328    0.9766    0.9141;
    0.6406    0.9766    0.9062;
    0.6602    0.9805    0.9023;
    0.6758    0.9805    0.8984;
    0.6953    0.9766    0.8945;
    0.7148    0.9727    0.8906;
    0.7266    0.9648    0.8789;
    0.7266    0.9375    0.8594;
    0.7070    0.8945    0.8164;
    0.6680    0.8281    0.7578;
    0.6211    0.7500    0.6914;
    0.5898    0.6992    0.6445;
    0.5977    0.6953    0.6445;
    0.6523    0.7461    0.6953;
    0.7344    0.8203    0.7695;
    0.8086    0.8906    0.8398;
    0.8672    0.9414    0.8945;
    0.9062    0.9688    0.9258;
    0.9297    0.9844    0.9453;
    0.9453    0.9883    0.9570;
    0.9570    0.9922    0.9648;
    0.9688    0.9922    0.9727;
    0.9766    0.9922    0.9766;
    0.9805    0.9922    0.9844;
    0.9883    0.9922    0.9883;
    0.9922    0.9922    0.9922;
    0.9922    0.9922    0.9922;
    0.9922    0.9922    0.9922;
    0.9922    0.9922    0.9922;
    0.9922    0.9922    0.9922;
    0.9922    0.9922    0.9922;
    0.9883    0.9922    0.9883;
    0.9844    0.9922    0.9805;
    0.9766    0.9922    0.9766;
    0.9727    0.9922    0.9688;
    0.9648    0.9922    0.9570;
    0.9570    0.9883    0.9453;
    0.9453    0.9844    0.9297;
    0.9258    0.9688    0.9062;
    0.8945    0.9414    0.8672;
    0.8398    0.8906    0.8086;
    0.7695    0.8203    0.7344;
    0.6953    0.7461    0.6523;
    0.6445    0.6953    0.5977;
    0.6445    0.6992    0.5898;
    0.6914    0.7500    0.6211;
    0.7578    0.8281    0.6680;
    0.8164    0.8945    0.7070;
    0.8594    0.9375    0.7266;
    0.8789    0.9648    0.7266;
    0.8906    0.9727    0.7148;
    0.8945    0.9766    0.6953;
    0.8984    0.9805    0.6758;
    0.9023    0.9805    0.6602;
    0.9062    0.9766    0.6406;
    0.9141    0.9766    0.6328;
    0.9219    0.9766    0.6289;
    0.9297    0.9727    0.6406;
    0.9375    0.9727    0.6523;
    0.9453    0.9727    0.6602;
    0.9492    0.9688    0.6406;
    0.9531    0.9688    0.5977;
    0.9609    0.9648    0.5430;
    0.9648    0.9609    0.4883;
    0.9648    0.9453    0.4453;
    0.9609    0.9297    0.4141;
    0.9609    0.9141    0.3906;
    0.9570    0.8984    0.3672;
    0.9531    0.8789    0.3477;
    0.9453    0.8555    0.3281;
    0.9297    0.8242    0.3047;
    0.8945    0.7812    0.2773;
    0.8438    0.7188    0.2461;
    0.7656    0.6406    0.2148;
    0.6914    0.5664    0.1797;
    0.6445    0.5195    0.1602;
    0.6562    0.5117    0.1523;
    0.7109    0.5430    0.1562;
    0.7852    0.5859    0.1602;
    0.8477    0.6172    0.1641;
    0.8906    0.6328    0.1602;
    0.9102    0.6289    0.1562;
    0.9180    0.6211    0.1484;
    0.9219    0.6055    0.1367;
    0.9180    0.5898    0.1289;
    0.9180    0.5742    0.1250;
    0.9141    0.5625    0.1289;
    0.9141    0.5586    0.1484;
    0.9102    0.5625    0.1836;
    0.9062    0.5781    0.2383;
    0.9062    0.5938    0.2930;
    0.9023    0.5977    0.3203;
    0.8984    0.5820    0.3047;
    0.8945    0.5430    0.2500;
    0.8906    0.4961    0.1797;
    0.8906    0.4492    0.1211;
    0.8867    0.4180    0.0820;
    0.8828    0.3945    0.0586;
    0.8789    0.3750    0.0469;
    0.8750    0.3594    0.0391;
    0.8672    0.3438    0.0312;
    0.8594    0.3281    0.0312;
    0.8398    0.3125    0.0273;
    0.8047    0.2891    0.0234;
    0.7461    0.2617    0.0195;
    0.6680    0.2266    0.0156;
    0.5938    0.1953    0.0117;
    0.5508    0.1758    0.0078;
    0.5664    0.1719    0.0078;
    0.6250    0.1875    0.0078;
    0.6953    0.1992    0.0078;
    0.7578    0.2109    0.0078;
    0.7930    0.2148    0.0078;
    0.8086    0.2148    0.0078;
    0.8164    0.2070    0.0078;
    0.8164    0.2031    0.0078;
    0.8125    0.1953    0.0078;
    0.8086    0.1953    0.0117;
    0.8047    0.1992    0.0273;
    0.8008    0.2148    0.0547;
    0.7969    0.2422    0.0977;
    0.7930    0.2852    0.1562;
    0.7891    0.3242    0.2109;
    0.7852    0.3398    0.2344;
    0.7812    0.3203    0.2188;
    0.7773    0.2773    0.1680;
    0.7695    0.2227    0.1055;
    0.7656    0.1758    0.0586;
    0.7617    0.1484    0.0273;
    0.7578    0.1289    0.0117;
    0.7539    0.1211    0.0039;
    0.7461    0.1133         0;
    0.7383    0.1055         0;
    0.7266    0.1016         0;
    0.7031    0.0938         0;
    0.6641    0.0859         0;
    0.6016    0.0742         0;
    0.5195    0.0625         0;
    0.4453    0.0508         0;
    0.4102    0.0469         0;
    0.4297    0.0469         0;
    0.4883    0.0508         0;
    0.5625    0.0586         0;
    0.6172    0.0625         0;
    0.6484    0.0625         0;
    0.6641    0.0625         0;
    0.6641    0.0625         0;
    0.6641    0.0625         0;
