function h = rainbow
%MANGA  Topography color map
h = [0.1484         0    0.1953;
    0.1484         0    0.1992;
    0.1484         0    0.1992;
    0.1484         0    0.1992;
    0.1523         0    0.2031;
    0.1523         0    0.2031;
    0.1523         0    0.2070;
    0.1562         0    0.2109;
    0.1602         0    0.2148;
    0.1602         0    0.2227;
    0.1641         0    0.2266;
    0.1680         0    0.2344;
    0.1719         0    0.2383;
    0.1758         0    0.2461;
    0.1797         0    0.2539;
    0.1836         0    0.2617;
    0.1875         0    0.2734;
    0.1953         0    0.2812;
    0.1992         0    0.2930;
    0.2031         0    0.3008;
    0.2070         0    0.3125;
    0.2109         0    0.3242;
    0.2188         0    0.3359;
    0.2227         0    0.3477;
    0.2266         0    0.3594;
    0.2305         0    0.3750;
    0.2344         0    0.3867;
    0.2383         0    0.4023;
    0.2422         0    0.4141;
    0.2461         0    0.4297;
    0.2500         0    0.4453;
    0.2539         0    0.4570;
    0.2539         0    0.4727;
    0.2578         0    0.4883;
    0.2578         0    0.5039;
    0.2578         0    0.5195;
    0.2578         0    0.5352;
    0.2578         0    0.5508;
    0.2578         0    0.5664;
    0.2539         0    0.5859;
    0.2539         0    0.6016;
    0.2500         0    0.6172;
    0.2461         0    0.6328;
    0.2422         0    0.6484;
    0.2344         0    0.6641;
    0.2305         0    0.6797;
    0.2227         0    0.6992;
    0.2148         0    0.7148;
    0.2031         0    0.7305;
    0.1953         0    0.7461;
    0.1836         0    0.7617;
    0.1719         0    0.7734;
    0.1602         0    0.7891;
    0.1484         0    0.8047;
    0.1328         0    0.8203;
    0.1172         0    0.8320;
    0.1016         0    0.8477;
    0.0820         0    0.8594;
    0.0664         0    0.8711;
    0.0469         0    0.8828;
    0.0273         0    0.8945;
    0.0078         0    0.9062;
         0    0.0117    0.9180;
         0    0.0312    0.9258;
         0    0.0547    0.9375;
         0    0.0781    0.9453;
         0    0.1016    0.9531;
         0    0.1289    0.9609;
         0    0.1523    0.9648;
         0    0.1797    0.9727;
         0    0.2031    0.9766;
         0    0.2305    0.9805;
         0    0.2578    0.9844;
         0    0.2852    0.9883;
         0    0.3125    0.9883;
         0    0.3359    0.9883;
         0    0.3633    0.9883;
         0    0.3906    0.9883;
         0    0.4180    0.9883;
         0    0.4453    0.9883;
         0    0.4727    0.9883;
         0    0.5000    0.9883;
         0    0.5312    0.9844;
         0    0.5586    0.9844;
         0    0.5859    0.9844;
         0    0.6133    0.9844;
         0    0.6445    0.9844;
         0    0.6719    0.9844;
         0    0.7031    0.9844;
         0    0.7305    0.9844;
         0    0.7578    0.9805;
         0    0.7891    0.9805;
         0    0.8203    0.9805;
         0    0.8477    0.9805;
         0    0.8789    0.9766;
         0    0.9062    0.9766;
         0    0.9375    0.9766;
         0    0.9648    0.9766;
         0    0.9727    0.9531;
         0    0.9727    0.9180;
         0    0.9688    0.8867;
         0    0.9688    0.8555;
         0    0.9648    0.8203;
         0    0.9648    0.7891;
         0    0.9609    0.7539;
         0    0.9570    0.7227;
         0    0.9570    0.6875;
         0    0.9531    0.6523;
         0    0.9492    0.6211;
         0    0.9414    0.5859;
         0    0.9375    0.5508;
         0    0.9297    0.5156;
         0    0.9258    0.4805;
         0    0.9180    0.4453;
         0    0.9062    0.4102;
         0    0.8945    0.3750;
         0    0.8828    0.3398;
         0    0.8672    0.3047;
         0    0.8477    0.2695;
         0    0.8281    0.2383;
         0    0.8047    0.2031;
         0    0.7734    0.1680;
         0    0.7422    0.1367;
         0    0.7070    0.1055;
         0    0.6719    0.0781;
         0    0.6367    0.0508;
         0    0.6133    0.0273;
         0    0.5977    0.0078;
    0.0078    0.5977         0;
    0.0273    0.6133         0;
    0.0508    0.6367         0;
    0.0781    0.6719         0;
    0.1055    0.7070         0;
    0.1367    0.7422         0;
    0.1680    0.7734         0;
    0.2031    0.8047         0;
    0.2383    0.8281         0;
    0.2695    0.8477         0;
    0.3047    0.8672         0;
    0.3398    0.8828         0;
    0.3750    0.8945         0;
    0.4102    0.9062         0;
    0.4453    0.9180         0;
    0.4805    0.9258         0;
    0.5156    0.9297         0;
    0.5508    0.9375         0;
    0.5859    0.9414         0;
    0.6211    0.9492         0;
    0.6523    0.9531         0;
    0.6875    0.9570         0;
    0.7227    0.9570         0;
    0.7539    0.9609         0;
    0.7891    0.9648         0;
    0.8203    0.9648         0;
    0.8555    0.9688         0;
    0.8867    0.9688         0;
    0.9180    0.9727         0;
    0.9531    0.9727         0;
    0.9766    0.9648         0;
    0.9766    0.9375         0;
    0.9766    0.9062         0;
    0.9766    0.8789         0;
    0.9805    0.8477         0;
    0.9805    0.8203         0;
    0.9805    0.7891         0;
    0.9805    0.7578         0;
    0.9844    0.7305         0;
    0.9844    0.7031         0;
    0.9844    0.6719         0;
    0.9844    0.6445         0;
    0.9844    0.6133         0;
    0.9844    0.5859         0;
    0.9844    0.5586         0;
    0.9844    0.5312         0;
    0.9883    0.5000         0;
    0.9883    0.4727         0;
    0.9883    0.4453         0;
    0.9883    0.4180         0;
    0.9883    0.3906         0;
    0.9883    0.3633         0;
    0.9883    0.3359         0;
    0.9883    0.3125         0;
    0.9883    0.2852         0;
    0.9844    0.2578         0;
    0.9805    0.2305         0;
    0.9766    0.2031         0;
    0.9727    0.1797         0;
    0.9648    0.1523         0;
    0.9609    0.1289         0;
    0.9531    0.1016         0;
    0.9453    0.0781         0;
    0.9375    0.0547         0;
    0.9258    0.0312         0;
    0.9180    0.0117         0;
    0.9062         0    0.0078;
    0.8945         0    0.0273;
    0.8828         0    0.0469;
    0.8711         0    0.0664;
    0.8594         0    0.0820;
    0.8477         0    0.1016;
    0.8320         0    0.1172;
    0.8203         0    0.1328;
    0.8047         0    0.1484;
    0.7891         0    0.1602;
    0.7734         0    0.1719;
    0.7617         0    0.1836;
    0.7461         0    0.1953;
    0.7305         0    0.2031;
    0.7148         0    0.2148;
    0.6992         0    0.2227;
    0.6797         0    0.2305;
    0.6641         0    0.2344;
    0.6484         0    0.2422;
    0.6328         0    0.2461;
    0.6172         0    0.2500;
    0.6016         0    0.2539;
    0.5859         0    0.2539;
    0.5664         0    0.2578;
    0.5508         0    0.2578;
    0.5352         0    0.2578;
    0.5195         0    0.2578;
    0.5039         0    0.2578;
    0.4883         0    0.2578;
    0.4727         0    0.2539;
    0.4570         0    0.2539;
    0.4453         0    0.2500;
    0.4297         0    0.2461;
    0.4141         0    0.2422;
    0.4023         0    0.2383;
    0.3867         0    0.2344;
    0.3750         0    0.2305;
    0.3594         0    0.2266;
    0.3477         0    0.2227;
    0.3359         0    0.2188;
    0.3242         0    0.2109;
    0.3125         0    0.2070;
    0.3008         0    0.2031;
    0.2930         0    0.1992;
    0.2812         0    0.1953;
    0.2734         0    0.1875;
    0.2617         0    0.1836;
    0.2539         0    0.1797;
    0.2461         0    0.1758;
    0.2383         0    0.1719;
    0.2344         0    0.1680;
    0.2266         0    0.1641;
    0.2227         0    0.1602;
    0.2148         0    0.1602;
