function h = wbgr
%MANGA  Topography color map
h = [1.0000    1.0000    1.0000
    1.0000    1.0000    1.0000
    1.0000    1.0000    1.0000
    0.9545    0.9727    1.0000
    0.9091    0.9455    1.0000
    0.8636    0.9182    1.0000
    0.8182    0.8909    1.0000
    0.7727    0.8636    1.0000
    0.7273    0.8364    1.0000
    0.6818    0.8091    1.0000
    0.6364    0.7818    1.0000
    0.5909    0.7545    1.0000
    0.5455    0.7273    1.0000
    0.5000    0.7000    1.0000
    0.4545    0.6727    1.0000
    0.4091    0.6455    1.0000
    0.3636    0.6182    1.0000
    0.3182    0.5909    1.0000
    0.2727    0.5636    1.0000
    0.2273    0.5364    1.0000
    0.1818    0.5091    1.0000
    0.1364    0.4818    1.0000
    0.0909    0.4545    1.0000
    0.0455    0.4273    1.0000
         0    0.4000    1.0000
         0    0.4163    0.8333
         0    0.4327    0.6667
         0    0.4490    0.5000
         0    0.4654    0.3333
         0    0.4817    0.1667
         0    0.4980         0
         0    0.5697         0
         0    0.6415         0
         0    0.7132         0
         0    0.7849         0
         0    0.8566         0
         0    0.9283         0
         0    1.0000         0
    0.1000    1.0000         0
    0.2000    1.0000         0
    0.3000    1.0000         0
    0.4000    1.0000         0
    0.5000    1.0000         0
    0.6000    1.0000         0
    0.7000    1.0000         0
    0.8000    1.0000         0
    0.9000    1.0000         0
    1.0000    1.0000         0
    1.0000    0.9375         0
    1.0000    0.8750         0
    1.0000    0.8125         0
    1.0000    0.7500         0
    1.0000    0.6875         0
    1.0000    0.6250         0
    1.0000    0.5625         0
    1.0000    0.5000         0
    1.0000    0.4375         0
    1.0000    0.3750         0
    1.0000    0.3125         0
    1.0000    0.2500         0
    1.0000    0.1875         0
    1.0000    0.1250         0
    1.0000    0.0625         0
    1.0000         0         0];