function [cu,cup,cv,cvp] = computeCoeffsBP(v)
% returns the coefficients of the CPM{16,14} algorithm
% This calculates the vectors cu, cup, cv, cvp = coefficients appearing in
% the expressions of the correction terms


v1=v(1);
v2=v(2);
v3=v(3);
v4=v(4);
v5=v(5);
v6=v(6);
v7=v(7);
v8=v(8);
v9=v(9);
v10=v(10);
v11=v(11);
v12=v(12);

% u
% term eta0
  cu(1)=0; 
% term eta1
  cu(2)=(-v1-v3-v5-v7-v9-v11-v(13))/2;
% term eta2
  cu(3)=(-15015*v1^2-9009*v2^2-6435*v3^2-5005*v4^2-4095*v5^2-3465*v6^2+...
      900900*v3+2522520*v5+4864860*v7+7927920*v9+11711700*v11+16216200*v(13))/360360;
% term eta3
  cu(4)=(60060*v2*v3-3783780*v5-17837820*v7-51531480*v9-117117000*v11-229729500*v(13)-...
      9009*v2^2+8580*v3^2-5005*v4^2+10920*v5^2-3465*v6^2+60060*v1*v2+30030*v1*v3+...
      60060*v1*v4+30030*v1*v5+60060*v1*v6+30030*v1*v7+60060*v1*v8+30030*v1*v9+...
      60060*v2*v5+60060*v2*v7+60060*v2*v9+60060*v3*v4+30030*v3*v5+60060*v3*v6+...
      30030*v3*v7+60060*v3*v8+30030*v3*v9+60060*v4*v5+60060*v4*v7+60060*v5*v6+...
      30030*v5*v7+60060*v10*v1+30030*v11*v1)/120120;
% term eta4
  cu(5)=(17160*v1*v3*v4+13650*v1*v4*v5-2702700*v2*v3+23166*v1*v2*v3+...
      11700*v2*v3*v5+463783320*v7+3091888800*v9+11945934000*v11+34918884000*v(13)-...
      193050*v3^2+750750*v4^2-933660*v5^2+1787940*v6^2-3783780*v1*v4-1621620*v1*v5-...
      9729720*v1*v6-3963960*v1*v7-17837820*v1*v8-7027020*v1*v9-7567560*v2*v5-14594580*v2*v7-...
      23783760*v2*v9-6486480*v3*v4-1621620*v3*v5-12432420*v3*v6-3963960*v3*v7-20540520*v3*v8-...
      7027020*v3*v9-11351340*v4*v5-18378360*v4*v7-17297280*v5*v6-3963960*v5*v7-...
      28108080*v10*v1-10810800*v11*v1+15015*v1^3+2574*v2^3+6435*v3^3+18018*v1^2*v2+...
      15015*v1^2*v3+15015*v1^2*v5+15015*v1^2*v7+9009*v1*v2^2+6435*v1*v3^2+5005*v1*v4^2+...
      9009*v2^2*v3+7722*v2^2*v4+9009*v2^2*v5+5148*v2*v3^2+3900*v2*v4^2+3510*v3^2*v4+...
      540540*v2*v4+540540*v2*v6+540540*v2*v8+1801800*v4*v6+1801800*v4*v8+540540*v10*v2)/720720;
% term eta5
  cu(6)=(-7550400*v1*v3*v4-14414400*v1*v3*v6-14414400*v1*v2*v5-8954400*v1*v4*v5-...
      32432400*v1*v3*v5-5148000*v1*v2*v3-9734400*v2*v3*v5-14414400*v1*v2*v7-...
      525621096000*v9-4539454920000*v11-21998896920000*v(13)-42042000*v4^2+343980000*v5^2-861537600*v6^2+...
      2854051200*v1*v6+1030629600*v1*v7+12367555200*v1*v8+4216212000*v1*v9+1816214400*v2*v5+...
      8562153600*v2*v7+24735110400*v2*v9+1513512000*v3*v4+108108000*v3*v5+6745939200*v3*v6+...
      1138737600*v3*v7+19502683200*v3*v8+4324320000*v3*v9+6054048000*v4*v5+16735118400*v4*v7+...
      15567552000*v5*v6+1787385600*v5*v7+33729696000*v10*v1+11027016000*v11*v1+1029600*v2^3-4375800*v3^3-...
      13813800*v1^2*v3-19219200*v1^2*v5-27027000*v1^2*v7-11171160*v1*v2^2-13899600*v1*v3^2-...
      12612600*v1*v4^2-12972960*v2^2*v3+3088800*v2^2*v4-16216200*v2^2*v5-5148000*v2*v3^2+...
      1560000*v2*v4^2-5803200*v3^2*v4-237837600*v2*v6-562161600*v2*v8-792792000*v4*v6-...
      1873872000*v4*v8-972972000*v10*v2+25025*v1^4+9009*v2^4-28828800*v1*v2*v4-28828800*v1*v2*v6-...
      28828800*v2*v3*v4+30030*v1^2*v2^2+21450*v1^2*v3^2-7207200*v1^2*v4-7207200*v1^2*v6-7207200*v1^2*v8)/28828800;  
% term eta6
  cu(7)=(2402400*v1*v3*v4+7927920*v1*v3*v6+2162160*v1*v2*v5+4914000*v1*v4*v5+...
      25105080*v1*v3*v5-17160*v1^2*v2*v4-10010*v1^3*v5-31746*v1*v2^2*v3+3800160*v2*v3*v5+...
      9969960*v1*v2*v7-47476*v1^2*v2*v3+635523688800*v11+6746328388800*v(13)-10319400*v5^2+142619400*v6^2-...
      2576574000*v1*v8-796395600*v1*v9-1545944400*v2*v7-10306296000*v2*v9-1189188000*v3*v6-...
      46846800*v3*v7-7729722000*v3*v8-904503600*v3*v9-1059458400*v4*v5-6540534000*v4*v7-...
      6054048000*v5*v6-327927600*v5*v7-15927912000*v10*v1-4655851200*v11*v1+2960100*v3^3+...
      7747740*v1^2*v5+21801780*v1^2*v7+4676100*v1*v3^2+11711700*v1*v4^2+3783780*v2^2*v3-...
      720720*v2^2*v4+11351340*v2^2*v5-2256800*v2*v4^2+1492400*v3^2*v4+140540400*v2*v8+...
      25225200*v4*v6+493693200*v4*v8+551350800*v10*v2+1287*v2^4+10450440*v1*v2*v4+30270240*v1*v2*v6+...
      19459440*v2*v3*v4-11583*v1^2*v2^2-12870*v1^2*v3^2+3963960*v1^2*v6+9369360*v1^2*v8-13728*v1*v2^3-...
      1801800*v2^2*v6-32032*v1^3*v2-18590*v1^3*v3-20020*v1^3*v4)/960960; 
% term eta7
  cu(8)=(-583783200*v1*v3*v6-481572000*v1*v4*v5-2356754400*v1*v3*v5+3963960*v1^2*v2*v4+...
      3243240*v1^3*v5+1081080*v1*v2^2*v3+41277600*v2*v3*v5-562161600*v1*v2*v7+...
      11788920*v1^2*v2*v3-337316419440000*v(13)-1152597600*v6^2+630745315200*v2*v9+463783320000*v3*v8+...
      11027016000*v3*v9+389577988800*v4*v7+359610451200*v5*v6+2724321600*v5*v7+1089469180800*v10*v1+...
      293318625600*v11*v1-239382000*v3^3-2370448080*v1^2*v7-1101500400*v1*v4^2-953512560*v2^2*v5+...
      64209600*v2*v4^2-22932000*v3^2*v4-4540536000*v4*v8-41902660800*v10*v2-162162*v2^4-...
      2949186240*v1*v2*v6-1599998400*v2*v3*v4+2187900*v1^2*v3^2-1124323200*v1^2*v8+3191760*v1*v2^3+...
      129729600*v2^2*v6+5405400*v1^3*v4-5005*v1^5-12012*v1^4*v2)/11531520;
  
%  uprime
%  term eta0
  cup(1)=(v2+v4+v6+v8+v10+v12+v(14))/2;            
%  term eta1
  cup(2)=-(15015*v1^2+9009*v2^2+6435*v3^2+5005*v4^2+4095*v5^2+3465*v6^2+540540*v2+...
      1801800*v4+3783780*v6+6486480*v8+14054040*v12+9909900*v10+18918900*v(14))/360360;    
%  term eta2
  cup(3)=(-105105*v1^2-180180*v1*v3-180180*v1*v5-180180*v1*v7-180180*v1*v9-54054*v2^2-...
      90090*v2*v4-90090*v2*v6-90090*v2*v8-96525*v3^2-180180*v3*v5-180180*v3*v7-180180*v3*v9-...
      50050*v4^2-90090*v4*v6-90090*v4*v8-94185*v5^2-180180*v5*v7-48510*v6^2-180180*v11*v1-...
      90090*v10*v2+6306300*v4+34054020*v6+107026920*v8+964863900*v(14)+257657400*v10+527026500*v12)/360360;
%  term eta3
  cup(4)=-(-3003*v1^2*v2+15015*v1^2*v4+15015*v1^2*v6+15015*v1^2*v8-23166*v1*v2*v3-...
      17160*v1*v3*v4-13650*v1*v4*v5+6435*v2^3+1287*v2^2*v4+9009*v2^2*v6+1287*v2*v3^2-...
      11700*v2*v3*v5+1105*v2*v4^2+2925*v3^2*v4-2882880*v1*v3-7747740*v1*v5-14774760*v1*v7-...
      23963940*v1*v9-1027026*v2^2-4684680*v2*v4-8648640*v2*v6-14054040*v2*v8-3204630*v3^2-...
      11351340*v3*v5-18378360*v3*v7-27567540*v3*v9-4204200*v4^2-12432420*v4*v6-17837820*v4*v8-...
      8894340*v5^2-24864840*v5*v7-9168390*v6^2-35315280*v11*v1-20900880*v10*v2+249729480*v6+1855133280*v8+...
      23891868000*v12+61108047000*v(14)+7729722000*v10)/720720;
%   term eta4
  cup(5)=(25025*v1^4+30030*v1^2*v2^2+21450*v1^2*v3^2+9009*v2^4+13333320*v1^2*v2+13213200*v1^2*v4+...
      19819800*v1^2*v6+28828800*v1^2*v8+27181440*v1*v2*v3+21621600*v1*v2*v5+21621600*v1*v2*v7+...
      25740000*v1*v3*v4+21621600*v1*v3*v6+24897600*v1*v4*v5+1338480*v2^3+8700120*v2^2*v4+...
      10810800*v2^2*v6+11274120*v2*v3^2+24429600*v2*v3*v5+5740800*v2*v4^2+12682800*v3^2*v4-...
      1881079200*v1*v5-8720712000*v1*v7-25016191200*v1*v9-1189188000*v2*v4-5232427200*v2*v6-...
      14962147200*v2*v8-548262000*v3^2-5232427200*v3*v5-15351336000*v3*v7-35935099200*v3*v9-...
      2114112000*v4^2-11589177600*v4*v6-25859433600*v4*v8-6545448000*v5^2-29102673600*v5*v7-...
      11863605600*v6^2-56648592000*v11*v1-34270236000*v10*v2+278269992000*v8+2628105480000*v10+...
      13618364760000*v12+51330759480000*v(14))/28828800;
%   term eta5
  cup(6)=-(-65065*v1^4-68640*v1^3*v3-120120*v1^3*v5-56628*v1^2*v2^2-29172*v1^2*v2*v4-...
      30030*v1^2*v3^2-10296*v1*v2^2*v3-27027*v2^4+35915880*v1^2*v4+94053960*v1^2*v6+...
      196756560*v1^2*v8+50759280*v1*v2*v3+136936800*v1*v2*v5+249369120*v1*v2*v7+129317760*v1*v3*v4+...
      238558320*v1*v3*v6+222833520*v1*v4*v5+6496776*v2^3+39382200*v2^2*v4+77837760*v2^2*v6+...
      52046280*v2*v3^2+190382400*v2*v3*v5+65863200*v2*v4^2+88792080*v3^2*v4-9481792320*v1*v7-...
      62681018400*v1*v9-5660534880*v2*v6-36990233280*v2*v8-4562157600*v3*v5-31939427520*v3*v7-...
      128756628000*v3*v9-2110508400*v4^2-25881055200*v4*v6-98680982400*v4*v8-13009323600*v5^2-...
