function e_loc =estimateError(v)
%@CPM16_14\GET_ERROR
%difference between CPM{18,16} and CPM{16,14}
%used for automatic stepsize selection


eta = [1;1/3;2/30;0.00952380952380952;0.00105820105820106;0.00009620009620010;0.00000740000740001;0.00000049333382667;0.000000029019636863];

v1=v(1);
v2=v(2);
v3=v(3);
v4=v(4);
v5=v(5);
v6=v(6);
v7=v(7);
v8=v(8);
v9=v(9);
v10=v(10);
v11=v(11);
v12=v(12);
v13=v(13);
v14=v(14);
v15=v(15);
v16=v(16);
v77=v7^2;
v66=v6^2;
vv11=v1^2;
v22=v2^2;
v33=v3^2;
v44=v4^2;
v55=v5^2;
vv111=v1^3;
vv12=v1*v2;
vv23=v2*v3;
vv222=v2^3;


% u 
e_u(1)=0;
e_u(2)=-v15/2;
e_u(3)=-1/120*v77+119/2*v15;
e_u(4)=(12012*v77-407386980*v15+60060*v3*v10+60060*v2*v11+...
      60060*v5*v8+30030*v3*v11+30030*v1*v13+30030*v5*v9+...
      60060*v4*v9+60060*v1*v12+60060*v6*v7)/120120;
e_u(5)=(-2072070*v77+85551265800*v15-30810780*v3*v10-35135100*v2*v11-...
      25405380*v5*v8-10810800*v3*v11-15315300*v1*v13-...
      7027020*v5*v9-27567540*v4*v9-40540500*v1*v12-24324300*v6*v7+810*v4^3+...
      5005*v3*v44+9009*v22*v7+15015*vv11*v9+...
      4095*v1*v55+6435*v33*v5+9450*v2*v4*v6+5400*v3*v4*v5+3150*v2*v55+...
      11340*v1*v5*v6+4500*v33*v6+3783780*v6*v8+540540*v2*v12+1801800*v4*v10)/720720;
e_u(6)=(-43243200*vv12*v9-43243200*v1*v3*v8-21621600*vv11*v10-...
      43243200*vv23*v7-43243200*v1*v4*v7+38610*v22*v33+50050*vv11*v44-...
      86486400*v1*v4*v6-86486400*vv23*v6-97297200*v1*v3*v7-86486400*v2*v4*v5-...
      86486400*vv12*v8+5556751200*v77-236121493608000*v15+...
      134918784000*v3*v10+168648480000*v2*v11+102486384000*v5*v8+33405372000*v3*v11+...
      69837768000*v1*v13+14918904000*v5*v9+114162048000*v4*v9+220540320000*v1*v12+...
      97297200000*v6*v7+972000*v4^3-40840800*v3*v44-62702640*v22*v7-111711600*vv11*v9-...
      44226000*v1*v55-52509600*v33*v5+11340000*v2*v4*v6-36763200*v3*v4*v5-...
      17841600*v2*v55-29635200*v1*v5*v6-16221600*v33*v6-11805393600*v6*v8-...
      4410806400*v2*v12-9729720000*v4*v10)/86486400;  
e_u(7)=-31200*v3*v10-82875/2*v2*v11-91575/4*v5*v8-20145/4*v3*v11-...
    6465/4*v5*v9-121125/2*v1*v12-86625/4*v6*v7-4977/8*v77+81904725/2*v15+...
    135/8*vv11*v10-31/3520*v22*v33-277/44352*vv11*v44-23/2464*v1*v3^3-...
    1/96*vv111*v7-3/616*vv222*v4-15/8*v22*v8-1/48*vv111*v6-1/70*vv222*v3+...
    999/40*v22*v7+377/8*vv11*v9+1937/88*v1*v55+969/56*v33*v5+843/286*v2*v55+...
    5469/1144*v33*v6+5355/4*v6*v8+2907/2*v2*v12+7755/4*v4*v10-955/858*v4^3-...
    71/1848*vv12*v3*v4-33915/2*v1*v13+21*vv12*v9+39/2*v1*v3*v8+83/8*vv23*v7+...
    45/4*v1*v4*v7+175/4*v1*v4*v6+327/8*vv23*v6+417/8*v1*v3*v7+297/8*v2*v4*v5+...
    477/8*vv12*v8-227/12320*v1*v22*v5-59/2464*vv11*v3*v5-1/30*vv11*v2*v5-...
    1/35*vv12*v33-1/56*v1*v22*v4-11/336*vv11*v3*v4-965/143*v2*v4*v6+...
    10775/1716*v3*v4*v5+1416/143*v1*v5*v6+395/24*v3*v44-25740*v4*v9;
e_u(8)=-1/2304*v1^4*v3-1/1920*vv111*v22-3/2240*vv111*v2*v3-...
      13/16800*vv11*vv222+13/16*vv111*v6+5/12*vv111*v7+...
      139/80*vv11*v2*v5+23/32*vv11*v2*v6+...
      127/84*vv11*v3*v4+241/352*vv11*v3*v5+841/6336*vv11*v44+...
      1497/1120*v1*v22*v4+201/440*v1*v22*v5+...
      139/112*vv12*v33+61/88*vv12*v3*v4+215/1232*v1*v3^3+...
      85/224*vv222*v3-213/1760*vv222*v4+765/4928*v22*v33-...
      910*vv11*v9-765/2*vv11*v10-...
      2379/2*vv12*v8-1215/4*vv12*v9-...
      7355/8*v1*v3*v7-1095/4*v1*v3*v8-...
      3193/4*v1*v4*v6-297/2*v1*v4*v7-33663/88*v1*v55-24192/143*v1*v5*v6-...
      4059/10*v22*v7+45*v22*v8-555/4*vv23*v4+...
      315/88*vv23*v5-642*vv23*v6-525/8*vv23*v7+245/44*v2*v44-...
      1155/2*v2*v4*v5+83679/1144*v2*v4*v6-7497/572*v2*v55-...
      525/2*v33*v5-48915/1144*v33*v6-740/3*v3*v44-...
      5215/143*v3*v4*v5+14945/1144*v4^3+1526175/2*v1*v12+780045/4*v1*v13+...
      944775/2*v2*v11-20349*v2*v12+686205/2*v3*v10+...
      29070*v3*v11+559845/2*v4*v9-13005*v4*v10+495495/2*v5*v8+6930*v5*v9+...
      467775/2*v6*v7-4725*v6*v8+2079*v77-737142525/2*v15;
  e_u(9)=-1/82944*v1^6+359/16128*v1^4*v3+1/72*v1^4*v4+487/13440*vv111*v22+...
      101/3360*vv111*v2*v3+197/33600*vv11*vv222-11*vv111*v6-611/96*vv111*v7-...
      1713/80*vv11*v2*v5-235/32*vv11*v2*v6-863/48*vv11*v3*v4-2383/352*vv11*v3*v5-...
      18907/6336*vv11*v44-2337/160*v1*v22*v4-2853/1760*v1*v22*v5-105/8*vv12*v33-...
      509/132*vv12*v3*v4-6095/7392*v1*v3^3-797/224*vv222*v3+951/1760*vv222*v4+...
      1219/4928*v22*v33+111605/16*vv11*v9+24225/8*vv11*v10+16575/2*vv12*v8+...
      5865/4*vv12*v9+12493/2*v1*v3*v7+11325/8*v1*v3*v8+21581/4*v1*v4*v6+...
      8841/8*v1*v4*v7+453537/176*v1*v55+27153/26*v1*v5*v6+202059/80*v22*v7-...
      1035/4*v22*v8+15675/4*vv23*v6-885/8*vv23*v7+28035/8*v2*v4*v5-...
      2541/13*v2*v4*v6-35721/572*v2*v55+25185/16*v33*v5+4425/104*v33*v6+...
      70735/48*v3*v44+19845/572*v3*v4*v5-5145/572*v4^3-16380945/4*v1*v12-...
      3900225/4*v1*v13-9258795/4*v2*v11+468027/4*v2*v12-6613425/4*v3*v10-...
      101745/4*v3*v11-5360355/4*v4*v9+33915/4*v4*v10-4729725/4*v5*v8-...
      16065/4*v5*v9-4459455/4*v6*v7+10395/4*v6*v8-9009/8*v77+3053876175/2*v15;
  
%uprime 
e_up(1)=v16/2;
e_up(2)=-(3003*v77+24504480*v16)/360360;
e_up(3)= (-180180*v1*v13-90090*v2*v12-180180*v3*v11-90090*v4*v10-...
    180180*v5*v9-90090*v6*v8-93093*v77+1629547920*v16)/360360;
e_up(4)=-(+15015*vv11*v10-11340*v1*v5*v6+9009*v22*v8-9450*v2*v4*v6+945*v2*v55+1935*v33*v6-...
      5400*v3*v4*v5+4195*v4^3-48828780*v1*v13-29189160*v2*v12-...
      38918880*v3*v11-24684660*v4*v10-...
      34054020*v5*v9-23783760*v6*v8-17099082*v77+136882025280*v16)/720720;
e_up(5)=-7367/8*v77-15385/4*v1*v13+13985/144144*v4^3+483/572*v1*v5*v6+...
     8751/16016*v33*v6-9447/4*v2*v12+879/2288*v2*v55+519/1144*v2*v4*v6-7065/4*v4*v10-...
     6261/4*v6*v8+3183/4004*v3*v4*v5+1/1728*vv11*v44+...
     1/2240*v22*v33+3/4*vv12*v9+3/4*vv23*v7+3/4*v1*v3*v8+3/4*v1*v4*v7+...
     67/48*vv11*v10+9/16*v22*v8-2019/2*v5*v7-7965/4*v5*v9-5055/2*v3*v11+5460315*v16; 
e_up(6)=-109206300*v16-206673/8008*v33*v6+73899*v2*v12-27933/1144*v2*v55+201555/4*v4*v10+...
      84885/2*v6*v8+85/66528*vv11*v44+51/12320*v22*v33-761/12*vv11*v10+...
      3/352*vv222*v4-195/8*v22*v8+5/1232*v1*v3^3+1/48*vv111*v7+...
      199935/4*v5*v9+272445/4*v3*v11+...
      243865/2*v1*v13-193/18480*vv12*v3*v4+180397/8*v77-350345/72072*v4^3+...
      1/3080*v1*v22*v5+9/1232*vv11*v3*v5+11/480*vv11*v2*v6-34201/572*v1*v5*v6-20469/572*v2*v4*v6-...
      1124213/24024*v3*v4*v5-275/4*vv12*v9-213/4*vv23*v7-...
      263/4*v1*v3*v8-59*v1*v4*v7;
e_up(7)=-2847663/8*v77-2306220*v1*v13+251905/1716*v4^3+...
       918837/572*v1*v5*v6+349419/572*v33*v6-5444811/4*v2*v12+338517/572*v2*v55+...
       1198491/1144*v2*v4*v6-3451095/4*v4*v10-2830275/4*v6*v8+1254005/1144*v3*v4*v5+...
       1/2304*v1^4*v4-1037/1386*vv11*v44-7419/12320*v22*v33+4575/2*vv12*v9+...
       5553/4*vv23*v7+8001/4*v1*v3*v8+1685*v1*v4*v7+14645/8*vv11*v10-...
       15263/12320*v1*v22*v5-4273/2464*vv11*v3*v5-2745/1232*vv12*v3*v4-3001/12320*vv222*v4+2823/4*v22*v8-...
       127/308*v1*v3^3-47/48*vv111*v7-3163995/4*v5*v9-4492845/4*v3*v11+...
       1474285050*v16-3/2240*vv111*v2*v3-17/67200*vv11*vv222-111/80*vv11*v2*v6;
